1	43.38	43.73	31	26.57	61.69	50.1	50.27
43.38	1	49.83	50.52	42.7	49.81	35.99	34.82
43.73	49.83	1	40.33	42.93	62.81	34.81	45.36
31	50.52	40.33	1	14.51	39.29	34.08	33.59
26.57	42.7	42.93	14.51	1	39.3	35.69	33.74
61.69	49.81	62.81	39.29	39.3	1	35.34	24.43
50.1	35.99	34.81	34.08	35.69	35.34	1	20.14
50.27	34.82	45.36	33.59	33.74	24.43	20.14	1