0.00	43.38	43.73	31.00	26.57	61.69	50.10	50.27
43.38	0.00	49.83	50.52	42.70	49.81	35.99	34.82
43.73	49.83	0.00	40.33	42.93	62.81	34.81	45.36
31.00	50.52	40.33	0.00	14.51	39.29	34.08	33.59
26.57	42.70	42.93	14.51	0.00	39.30	35.69	33.74
61.69	49.81	62.81	39.29	39.30	0.00	35.34	24.43
50.10	35.99	34.81	34.08	35.69	35.34	0.00	20.14
50.27	34.82	45.36	33.59	33.74	24.43	20.14	0.00