0	0.2716	2.4516	1.8592	1.2728	0.1951	1.2356	2.2904
0.2716	0	2.7232	2.1309	1.5444	0.4667	1.5072	2.5621
2.4516	2.7232	0	0.5924	1.1788	2.2565	1.216	0.1612
1.8592	2.1309	0.5924	0	0.5864	1.6641	0.6237	0.4312
1.2728	1.5444	1.1788	0.5864	0	1.0777	0.0372	1.0176
0.1951	0.4667	2.2565	1.6641	1.0777	0	1.0405	2.0953
1.2356	1.5072	1.216	0.6237	0.0372	1.0405	0	1.0549
2.2904	2.5621	0.1612	0.4312	1.0176	2.0953	1.0549	0