0	123	156	137	141	146	171	168
123	0	128	122	127	114	140	133
156	128	0	142	133	140	168	177
137	122	142	0	136	134	158	166
141	127	133	136	0	138	164	167
146	114	140	134	138	0	179	170
171	140	168	158	164	179	0	231
168	133	177	166	167	170	231	0