0	169	189	178	195	165	226	207
169	0	161	164	174	144	185	164
189	161	0	187	155	173	193	215
178	164	187	0	192	176	222	220
195	174	155	192	0	178	216	210
165	144	173	176	178	0	218	214
226	185	193	222	216	218	0	311
207	164	215	220	210	214	311	0